P0: 1 0 0 0 0 1 0 0 0 0 1 0
P1: 1 0 0 0 0 1 0 0 0 0 1 0
P2: 1 0 0 0 0 1 0 0 0 0 1 0
P3: 1 0 0 0 0 1 0 0 0 0 1 0
R0_rect: 1 0 0 0 1 0 0 0 1
Tr_velo_to_cam: 0.0000000000000002220446049250313 -1 0 0 0.0000000000000002220446049250313 0 -1 0 1 0.0000000000000002220446049250313 0.0000000000000002220446049250313 0
Tr_imu_to_velo: 1 0 0 0 0 1 0 0 0 0 1 0
